     cn00000  C2001 11 20.19148 00 12 56.41 +24 38 11.16         17.2   g    644
     cn00000  C2001 11 20.21394 00 12 50.93 +24 38 57.99         18.5   g    644
     cn00000  C2001 11 20.24591 00 12 44.52 +24 38 51.50         19.0   g    644
     cn00000  C2001 11 20.19148 00 12 56.41 +24 38 11.16         17.2   g    644
     cn00000  C2001 11 20.21394 00 12 50.93 +24 38 57.99         18.5   g    644
     cn00000  C2001 11 20.24591 00 12 44.52 +24 38 51.50         19.0   g    644
     cn00000  C2001 11 20.19148 00 12 56.41 +24 38 11.16         17.2   g    644
     cn00000  C2001 11 20.21394 00 12 50.93 +24 38 57.99         18.5   g    644
     cn00000  C2001 11 20.24591 00 12 44.52 +24 38 51.50         19.0   g    644
     cn00000  C2001 11 20.19148 00 12 56.41 +24 38 11.16         17.2   g    644
     cn00000  C2001 11 20.21394 00 12 50.93 +24 38 57.99         18.5   g    644
     cn00000  C2001 11 20.24591 00 12 44.52 +24 38 51.50         19.0   g    644
     cn00001  C2001 11 20.19148 00 12 56.41 +24 38 11.16         17.2   g    644
     cn00001  C2001 11 20.21394 00 12 52.49 +24 38 19.33         17.8   g    644
     cn00001  C2001 11 20.24591 00 12 44.52 +24 38 51.50         19.0   g    644
     cn00002  C2001 11 20.19148 00 12 56.41 +24 38 11.16         17.2   g    644
     cn00002  C2001 11 20.21394 00 13 01.81 +24 38 11.20         17.3   g    644
     cn00002  C2001 11 20.24591 00 13 13.36 +24 38 54.73         19.0   g    644
     cn00003  C2001 11 20.19148 00 13 17.31 +24 36 02.67         19.7   g    644
     cn00003  C2001 11 20.21394 00 13 19.64 +24 37 14.44         18.3   g    644
     cn00003  C2001 11 20.24591 00 13 18.04 +24 38 58.60         19.9   g    644
     cn00004  C2001 11 20.19148 00 13 37.93 +24 36 11.40         17.5   g    644
     cn00004  C2001 11 20.21394 00 13 33.63 +24 36 35.42         18.6   g    644
     cn00004  C2001 11 20.24591 00 13 21.97 +24 35 54.65         19.2   g    644
     cn00005  C2001 11 20.19148 00 13 37.93 +24 36 11.40         17.5   g    644
     cn00005  C2001 11 20.21394 00 13 33.63 +24 36 35.42         18.6   g    644
     cn00005  C2001 11 20.24591 00 13 31.47 +24 37 19.38         19.2   g    644
     cn00006  C2001 11 20.19148 00 13 34.96 +24 36 14.28         19.1   g    644
     cn00006  C2001 11 20.21394 00 13 33.63 +24 36 35.42         18.6   g    644
     cn00006  C2001 11 20.24591 00 13 31.47 +24 37 19.38         19.2   g    644
     cn00007  C2001 11 20.19148 00 13 17.31 +24 36 02.67         19.7   g    644
     cn00007  C2001 11 20.21394 00 13 17.43 +24 34 27.95         18.3   g    644
     cn00007  C2001 11 20.24591 00 13 15.80 +24 31 59.02         18.8   g    644
     cn00008  C2001 11 20.19148 00 13 17.31 +24 36 02.67         19.7   g    644
     cn00008  C2001 11 20.21394 00 13 17.43 +24 34 27.95         18.3   g    644
     cn00008  C2001 11 20.24591 00 13 22.09 +24 31 43.73         19.0   g    644
     cn00009  C2001 11 20.19148 00 13 17.31 +24 36 02.67         19.7   g    644
     cn00009  C2001 11 20.21394 00 13 17.43 +24 34 27.95         18.3   g    644
     cn00009  C2001 11 20.24591 00 13 19.80 +24 30 48.12         19.2   g    644
     cn00010  C2001 11 20.19148 00 13 22.42 +24 32 24.71         18.5   g    644
     cn00010  C2001 11 20.21394 00 13 25.84 +24 31 17.68         18.7   g    644
     cn00010  C2001 11 20.24591 00 13 27.19 +24 29 22.07         18.6   g    644
     cn00011  C2001 11 20.19148 00 13 31.91 +24 29 17.53         16.8   g    644
     cn00011  C2001 11 20.21394 00 13 29.45 +24 29 17.98         17.8   g    644
     cn00011  C2001 11 20.24591 00 13 27.19 +24 29 22.07         18.6   g    644
     cn00012  C2001 11 20.19148 00 13 31.91 +24 29 17.53         16.8   g    644
     cn00012  C2001 11 20.21394 00 13 28.54 +24 29 17.29         17.9   g    644
     cn00012  C2001 11 20.24591 00 13 20.50 +24 29 20.29         18.3   g    644
     cn00013  C2001 11 20.19148 00 13 31.91 +24 29 17.53         16.8   g    644
     cn00013  C2001 11 20.21394 00 13 28.54 +24 29 17.29         17.9   g    644
     cn00013  C2001 11 20.24591 00 13 27.19 +24 29 22.07         18.6   g    644
     cn00014  C2001 11 20.19148 00 13 31.91 +24 29 17.53         16.8   g    644
     cn00014  C2001 11 20.21394 00 13 26.09 +24 29 17.88         17.7   g    644
     cn00014  C2001 11 20.24591 00 13 17.73 +24 29 08.71         17.6   g    644
     cn00015  C2001 11 20.19148 00 13 31.91 +24 29 17.53         16.8   g    644
     cn00015  C2001 11 20.21394 00 13 26.09 +24 29 17.88         17.7   g    644
     cn00015  C2001 11 20.24591 00 13 16.08 +24 29 08.86         18.5   g    644
     cn00016  C2001 11 20.19148 00 13 31.91 +24 29 17.53         16.8   g    644
     cn00016  C2001 11 20.21394 00 13 26.09 +24 29 17.88         17.7   g    644
     cn00016  C2001 11 20.24591 00 13 20.50 +24 29 20.29         18.3   g    644
     cn00017  C2001 11 20.19148 00 13 20.45 +24 29 18.77         17.6   g    644
     cn00017  C2001 11 20.21394 00 13 26.09 +24 29 17.88         17.7   g    644
     cn00017  C2001 11 20.24591 00 13 27.19 +24 29 22.07         18.6   g    644
     cn00018  C2001 11 20.19148 00 13 31.91 +24 29 17.53         16.8   g    644
     cn00018  C2001 11 20.21394 00 13 25.76 +24 29 17.64         17.8   g    644
     cn00018  C2001 11 20.24591 00 13 17.73 +24 29 08.71         17.6   g    644
     cn00019  C2001 11 20.19148 00 13 31.91 +24 29 17.53         16.8   g    644
     cn00019  C2001 11 20.21394 00 13 25.76 +24 29 17.64         17.8   g    644
     cn00019  C2001 11 20.24591 00 13 16.08 +24 29 08.86         18.5   g    644
     cn00020  C2001 11 20.19148 00 13 31.91 +24 29 17.53         16.8   g    644
     cn00020  C2001 11 20.21394 00 13 25.76 +24 29 17.64         17.8   g    644
     cn00020  C2001 11 20.24591 00 13 20.50 +24 29 20.29         18.3   g    644
     cn00021  C2001 11 20.19148 00 13 20.45 +24 29 18.77         17.6   g    644
     cn00021  C2001 11 20.21394 00 13 25.76 +24 29 17.64         17.8   g    644
     cn00021  C2001 11 20.24591 00 13 27.19 +24 29 22.07         18.6   g    644
     cn00022  C2001 11 20.19148 00 13 20.45 +24 29 18.77         17.6   g    644
     cn00022  C2001 11 20.21394 00 13 24.50 +24 29 17.52         17.9   g    644
     cn00022  C2001 11 20.24591 00 13 27.19 +24 29 22.07         18.6   g    644
     cn00023  C2001 11 20.19148 00 12 58.28 +24 29 18.15         18.0   g    644
     cn00023  C2001 11 20.21394 00 12 53.24 +24 29 17.43         17.8   g    644
     cn00023  C2001 11 20.24591 00 12 49.73 +24 29 51.54         18.9   g    644
     cn00024  C2001 11 20.19148 00 13 11.13 +24 20 50.10         18.5   g    644
     cn00024  C2001 11 20.21394 00 13 09.27 +24 19 56.14         18.8   g    644
     cn00024  C2001 11 20.24591 00 13 08.90 +24 17 38.74         18.4   g    644
     cn00025  C2001 11 20.19148 00 13 03.46 +24 20 31.01         19.0   g    644
     cn00025  C2001 11 20.21394 00 13 09.27 +24 19 56.14         18.8   g    644
     cn00025  C2001 11 20.24591 00 13 18.99 +24 16 36.18         17.3   g    644
     cn00026  C2001 11 20.19148 00 11 09.32 +24 16 08.11         20.4   g    644
     cn00026  C2001 11 20.21394 00 11 09.66 +24 17 43.54         19.8   g    644
     cn00026  C2001 11 20.24591 00 11 03.76 +24 21 37.07         18.8   g    644
     cn00027  C2001 11 20.19148 00 11 09.32 +24 16 08.11         20.4   g    644
     cn00027  C2001 11 20.21394 00 11 09.66 +24 17 43.54         19.8   g    644
     cn00027  C2001 11 20.24591 00 11 06.93 +24 22 03.89         19.3   g    644
     cn00028  C2001 11 20.19148 00 11 09.32 +24 16 08.11         20.4   g    644
     cn00028  C2001 11 20.21394 00 11 09.66 +24 17 43.54         19.8   g    644
     cn00028  C2001 11 20.24591 00 11 11.42 +24 19 51.04         19.2   g    644
     cn00029  C2001 11 20.19148 00 11 09.32 +24 16 08.11         20.4   g    644
     cn00029  C2001 11 20.21394 00 11 09.66 +24 17 43.54         19.8   g    644
     cn00029  C2001 11 20.24591 00 11 17.69 +24 21 14.68         18.6   g    644
     cn00030  C2001 11 20.19148 00 11 05.86 +24 16 58.95         18.8   g    644
     cn00030  C2001 11 20.21394 00 11 09.66 +24 17 43.54         19.8   g    644
     cn00030  C2001 11 20.24591 00 11 11.42 +24 19 51.04         19.2   g    644
     cn00031  C2001 11 20.19148 00 13 35.53 +24 06 18.67         18.9   g    644
     cn00031  C2001 11 20.21394 00 13 30.39 +24 05 33.38         19.1   g    644
     cn00031  C2001 11 20.24591 00 13 25.10 +24 05 30.98         19.5   g    644
     cn00032  C2001 11 20.19148 00 12 05.50 +23 58 39.55         19.9   g    644
     cn00032  C2001 11 20.21394 00 12 00.17 +23 58 50.70         19.7   g    644
     cn00032  C2001 11 20.24591 00 11 50.02 +23 58 42.54         18.0   g    644
     cn00000  C2001 11 20.19148 00 12 56.41 +24 38 11.16         17.2   g    644
     cn00000  C2001 11 20.21394 00 12 50.93 +24 38 57.99         18.5   g    644
     cn00000  C2001 11 20.24591 00 12 44.52 +24 38 51.50         19.0   g    644
     cn00001  C2001 11 20.19148 00 12 56.41 +24 38 11.16         17.2   g    644
     cn00001  C2001 11 20.21394 00 12 52.49 +24 38 19.33         17.8   g    644
     cn00001  C2001 11 20.24591 00 12 44.52 +24 38 51.50         19.0   g    644
     cn00002  C2001 11 20.19148 00 12 56.41 +24 38 11.16         17.2   g    644
     cn00002  C2001 11 20.21394 00 13 01.81 +24 38 11.20         17.3   g    644
     cn00002  C2001 11 20.24591 00 13 13.36 +24 38 54.73         19.0   g    644
     cn00003  C2001 11 20.19148 00 13 17.31 +24 36 02.67         19.7   g    644
     cn00003  C2001 11 20.21394 00 13 19.64 +24 37 14.44         18.3   g    644
     cn00003  C2001 11 20.24591 00 13 18.04 +24 38 58.60         19.9   g    644
     cn00004  C2001 11 20.19148 00 13 37.93 +24 36 11.40         17.5   g    644
     cn00004  C2001 11 20.21394 00 13 33.63 +24 36 35.42         18.6   g    644
     cn00004  C2001 11 20.24591 00 13 21.97 +24 35 54.65         19.2   g    644
     cn00005  C2001 11 20.19148 00 13 37.93 +24 36 11.40         17.5   g    644
     cn00005  C2001 11 20.21394 00 13 33.63 +24 36 35.42         18.6   g    644
     cn00005  C2001 11 20.24591 00 13 31.47 +24 37 19.38         19.2   g    644
     cn00006  C2001 11 20.19148 00 13 34.96 +24 36 14.28         19.1   g    644
     cn00006  C2001 11 20.21394 00 13 33.63 +24 36 35.42         18.6   g    644
     cn00006  C2001 11 20.24591 00 13 31.47 +24 37 19.38         19.2   g    644
     cn00007  C2001 11 20.19148 00 13 17.31 +24 36 02.67         19.7   g    644
     cn00007  C2001 11 20.21394 00 13 17.43 +24 34 27.95         18.3   g    644
     cn00007  C2001 11 20.24591 00 13 15.80 +24 31 59.02         18.8   g    644
     cn00008  C2001 11 20.19148 00 13 17.31 +24 36 02.67         19.7   g    644
     cn00008  C2001 11 20.21394 00 13 17.43 +24 34 27.95         18.3   g    644
     cn00008  C2001 11 20.24591 00 13 22.09 +24 31 43.73         19.0   g    644
     cn00009  C2001 11 20.19148 00 13 17.31 +24 36 02.67         19.7   g    644
     cn00009  C2001 11 20.21394 00 13 17.43 +24 34 27.95         18.3   g    644
     cn00009  C2001 11 20.24591 00 13 19.80 +24 30 48.12         19.2   g    644
     cn00010  C2001 11 20.19148 00 13 22.42 +24 32 24.71         18.5   g    644
     cn00010  C2001 11 20.21394 00 13 25.84 +24 31 17.68         18.7   g    644
     cn00010  C2001 11 20.24591 00 13 27.19 +24 29 22.07         18.6   g    644
     cn00011  C2001 11 20.19148 00 13 31.91 +24 29 17.53         16.8   g    644
     cn00011  C2001 11 20.21394 00 13 29.45 +24 29 17.98         17.8   g    644
     cn00011  C2001 11 20.24591 00 13 27.19 +24 29 22.07         18.6   g    644
     cn00012  C2001 11 20.19148 00 13 31.91 +24 29 17.53         16.8   g    644
     cn00012  C2001 11 20.21394 00 13 28.54 +24 29 17.29         17.9   g    644
     cn00012  C2001 11 20.24591 00 13 20.50 +24 29 20.29         18.3   g    644
     cn00013  C2001 11 20.19148 00 13 31.91 +24 29 17.53         16.8   g    644
     cn00013  C2001 11 20.21394 00 13 28.54 +24 29 17.29         17.9   g    644
     cn00013  C2001 11 20.24591 00 13 27.19 +24 29 22.07         18.6   g    644
     cn00014  C2001 11 20.19148 00 13 31.91 +24 29 17.53         16.8   g    644
     cn00014  C2001 11 20.21394 00 13 26.09 +24 29 17.88         17.7   g    644
     cn00014  C2001 11 20.24591 00 13 17.73 +24 29 08.71         17.6   g    644
     cn00015  C2001 11 20.19148 00 13 31.91 +24 29 17.53         16.8   g    644
     cn00015  C2001 11 20.21394 00 13 26.09 +24 29 17.88         17.7   g    644
     cn00015  C2001 11 20.24591 00 13 16.08 +24 29 08.86         18.5   g    644
     cn00016  C2001 11 20.19148 00 13 31.91 +24 29 17.53         16.8   g    644
     cn00016  C2001 11 20.21394 00 13 26.09 +24 29 17.88         17.7   g    644
     cn00016  C2001 11 20.24591 00 13 20.50 +24 29 20.29         18.3   g    644
     cn00017  C2001 11 20.19148 00 13 20.45 +24 29 18.77         17.6   g    644
     cn00017  C2001 11 20.21394 00 13 26.09 +24 29 17.88         17.7   g    644
     cn00017  C2001 11 20.24591 00 13 27.19 +24 29 22.07         18.6   g    644
     cn00018  C2001 11 20.19148 00 13 31.91 +24 29 17.53         16.8   g    644
     cn00018  C2001 11 20.21394 00 13 25.76 +24 29 17.64         17.8   g    644
     cn00018  C2001 11 20.24591 00 13 17.73 +24 29 08.71         17.6   g    644
     cn00019  C2001 11 20.19148 00 13 31.91 +24 29 17.53         16.8   g    644
     cn00019  C2001 11 20.21394 00 13 25.76 +24 29 17.64         17.8   g    644
     cn00019  C2001 11 20.24591 00 13 16.08 +24 29 08.86         18.5   g    644
     cn00020  C2001 11 20.19148 00 13 31.91 +24 29 17.53         16.8   g    644
     cn00020  C2001 11 20.21394 00 13 25.76 +24 29 17.64         17.8   g    644
     cn00020  C2001 11 20.24591 00 13 20.50 +24 29 20.29         18.3   g    644
     cn00021  C2001 11 20.19148 00 13 20.45 +24 29 18.77         17.6   g    644
     cn00021  C2001 11 20.21394 00 13 25.76 +24 29 17.64         17.8   g    644
     cn00021  C2001 11 20.24591 00 13 27.19 +24 29 22.07         18.6   g    644
     cn00022  C2001 11 20.19148 00 13 20.45 +24 29 18.77         17.6   g    644
     cn00022  C2001 11 20.21394 00 13 24.50 +24 29 17.52         17.9   g    644
     cn00022  C2001 11 20.24591 00 13 27.19 +24 29 22.07         18.6   g    644
     cn00023  C2001 11 20.19148 00 12 58.28 +24 29 18.15         18.0   g    644
     cn00023  C2001 11 20.21394 00 12 53.24 +24 29 17.43         17.8   g    644
     cn00023  C2001 11 20.24591 00 12 49.73 +24 29 51.54         18.9   g    644
     cn00024  C2001 11 20.19148 00 13 11.13 +24 20 50.10         18.5   g    644
     cn00024  C2001 11 20.21394 00 13 09.27 +24 19 56.14         18.8   g    644
     cn00024  C2001 11 20.24591 00 13 08.90 +24 17 38.74         18.4   g    644
     cn00025  C2001 11 20.19148 00 13 03.46 +24 20 31.01         19.0   g    644
     cn00025  C2001 11 20.21394 00 13 09.27 +24 19 56.14         18.8   g    644
     cn00025  C2001 11 20.24591 00 13 18.99 +24 16 36.18         17.3   g    644
     cn00026  C2001 11 20.19148 00 11 09.32 +24 16 08.11         20.4   g    644
     cn00026  C2001 11 20.21394 00 11 09.66 +24 17 43.54         19.8   g    644
     cn00026  C2001 11 20.24591 00 11 03.76 +24 21 37.07         18.8   g    644
     cn00027  C2001 11 20.19148 00 11 09.32 +24 16 08.11         20.4   g    644
     cn00027  C2001 11 20.21394 00 11 09.66 +24 17 43.54         19.8   g    644
     cn00027  C2001 11 20.24591 00 11 06.93 +24 22 03.89         19.3   g    644
     cn00028  C2001 11 20.19148 00 11 09.32 +24 16 08.11         20.4   g    644
     cn00028  C2001 11 20.21394 00 11 09.66 +24 17 43.54         19.8   g    644
     cn00028  C2001 11 20.24591 00 11 11.42 +24 19 51.04         19.2   g    644
     cn00029  C2001 11 20.19148 00 11 09.32 +24 16 08.11         20.4   g    644
     cn00029  C2001 11 20.21394 00 11 09.66 +24 17 43.54         19.8   g    644
     cn00029  C2001 11 20.24591 00 11 17.69 +24 21 14.68         18.6   g    644
     cn00030  C2001 11 20.19148 00 11 05.86 +24 16 58.95         18.8   g    644
     cn00030  C2001 11 20.21394 00 11 09.66 +24 17 43.54         19.8   g    644
     cn00030  C2001 11 20.24591 00 11 11.42 +24 19 51.04         19.2   g    644
     cn00031  C2001 11 20.19148 00 13 35.53 +24 06 18.67         18.9   g    644
     cn00031  C2001 11 20.21394 00 13 30.39 +24 05 33.38         19.1   g    644
     cn00031  C2001 11 20.24591 00 13 25.10 +24 05 30.98         19.5   g    644
     cn00032  C2001 11 20.19148 00 12 05.50 +23 58 39.55         19.9   g    644
     cn00032  C2001 11 20.21394 00 12 00.17 +23 58 50.70         19.7   g    644
     cn00032  C2001 11 20.24591 00 11 50.02 +23 58 42.54         18.0   g    644
     cn00000  C2001 11 20.19148 00 12 56.41 +24 38 11.16         17.2   g    644
     cn00000  C2001 11 20.21394 00 12 50.93 +24 38 57.99         18.5   g    644
     cn00000  C2001 11 20.24591 00 12 44.52 +24 38 51.50         19.0   g    644
     cn00001  C2001 11 20.19148 00 12 56.41 +24 38 11.16         17.2   g    644
     cn00001  C2001 11 20.21394 00 12 52.49 +24 38 19.33         17.8   g    644
     cn00001  C2001 11 20.24591 00 12 44.52 +24 38 51.50         19.0   g    644
     cn00002  C2001 11 20.19148 00 12 56.41 +24 38 11.16         17.2   g    644
     cn00002  C2001 11 20.21394 00 13 01.81 +24 38 11.20         17.3   g    644
     cn00002  C2001 11 20.24591 00 13 13.36 +24 38 54.73         19.0   g    644
     cn00003  C2001 11 20.19148 00 13 17.31 +24 36 02.67         19.7   g    644
     cn00003  C2001 11 20.21394 00 13 19.64 +24 37 14.44         18.3   g    644
     cn00003  C2001 11 20.24591 00 13 18.04 +24 38 58.60         19.9   g    644
     cn00004  C2001 11 20.19148 00 13 37.93 +24 36 11.40         17.5   g    644
     cn00004  C2001 11 20.21394 00 13 33.63 +24 36 35.42         18.6   g    644
     cn00004  C2001 11 20.24591 00 13 21.97 +24 35 54.65         19.2   g    644
     cn00005  C2001 11 20.19148 00 13 37.93 +24 36 11.40         17.5   g    644
     cn00005  C2001 11 20.21394 00 13 33.63 +24 36 35.42         18.6   g    644
     cn00005  C2001 11 20.24591 00 13 31.47 +24 37 19.38         19.2   g    644
     cn00006  C2001 11 20.19148 00 13 34.96 +24 36 14.28         19.1   g    644
     cn00006  C2001 11 20.21394 00 13 33.63 +24 36 35.42         18.6   g    644
     cn00006  C2001 11 20.24591 00 13 31.47 +24 37 19.38         19.2   g    644
     cn00007  C2001 11 20.19148 00 13 17.31 +24 36 02.67         19.7   g    644
     cn00007  C2001 11 20.21394 00 13 17.43 +24 34 27.95         18.3   g    644
     cn00007  C2001 11 20.24591 00 13 15.80 +24 31 59.02         18.8   g    644
     cn00008  C2001 11 20.19148 00 13 17.31 +24 36 02.67         19.7   g    644
     cn00008  C2001 11 20.21394 00 13 17.43 +24 34 27.95         18.3   g    644
     cn00008  C2001 11 20.24591 00 13 22.09 +24 31 43.73         19.0   g    644
     cn00009  C2001 11 20.19148 00 13 17.31 +24 36 02.67         19.7   g    644
     cn00009  C2001 11 20.21394 00 13 17.43 +24 34 27.95         18.3   g    644
     cn00009  C2001 11 20.24591 00 13 19.80 +24 30 48.12         19.2   g    644
     cn00010  C2001 11 20.19148 00 13 22.42 +24 32 24.71         18.5   g    644
     cn00010  C2001 11 20.21394 00 13 25.84 +24 31 17.68         18.7   g    644
     cn00010  C2001 11 20.24591 00 13 27.19 +24 29 22.07         18.6   g    644
     cn00011  C2001 11 20.19148 00 13 31.91 +24 29 17.53         16.8   g    644
     cn00011  C2001 11 20.21394 00 13 29.45 +24 29 17.98         17.8   g    644
     cn00011  C2001 11 20.24591 00 13 27.19 +24 29 22.07         18.6   g    644
     cn00012  C2001 11 20.19148 00 13 31.91 +24 29 17.53         16.8   g    644
     cn00012  C2001 11 20.21394 00 13 28.54 +24 29 17.29         17.9   g    644
     cn00012  C2001 11 20.24591 00 13 20.50 +24 29 20.29         18.3   g    644
     cn00013  C2001 11 20.19148 00 13 31.91 +24 29 17.53         16.8   g    644
     cn00013  C2001 11 20.21394 00 13 28.54 +24 29 17.29         17.9   g    644
     cn00013  C2001 11 20.24591 00 13 27.19 +24 29 22.07         18.6   g    644
     cn00014  C2001 11 20.19148 00 13 31.91 +24 29 17.53         16.8   g    644
     cn00014  C2001 11 20.21394 00 13 26.09 +24 29 17.88         17.7   g    644
     cn00014  C2001 11 20.24591 00 13 17.73 +24 29 08.71         17.6   g    644
     cn00015  C2001 11 20.19148 00 13 31.91 +24 29 17.53         16.8   g    644
     cn00015  C2001 11 20.21394 00 13 26.09 +24 29 17.88         17.7   g    644
     cn00015  C2001 11 20.24591 00 13 16.08 +24 29 08.86         18.5   g    644
     cn00016  C2001 11 20.19148 00 13 31.91 +24 29 17.53         16.8   g    644
     cn00016  C2001 11 20.21394 00 13 26.09 +24 29 17.88         17.7   g    644
     cn00016  C2001 11 20.24591 00 13 20.50 +24 29 20.29         18.3   g    644
     cn00017  C2001 11 20.19148 00 13 20.45 +24 29 18.77         17.6   g    644
     cn00017  C2001 11 20.21394 00 13 26.09 +24 29 17.88         17.7   g    644
     cn00017  C2001 11 20.24591 00 13 27.19 +24 29 22.07         18.6   g    644
     cn00018  C2001 11 20.19148 00 13 31.91 +24 29 17.53         16.8   g    644
     cn00018  C2001 11 20.21394 00 13 25.76 +24 29 17.64         17.8   g    644
     cn00018  C2001 11 20.24591 00 13 17.73 +24 29 08.71         17.6   g    644
     cn00019  C2001 11 20.19148 00 13 31.91 +24 29 17.53         16.8   g    644
     cn00019  C2001 11 20.21394 00 13 25.76 +24 29 17.64         17.8   g    644
     cn00019  C2001 11 20.24591 00 13 16.08 +24 29 08.86         18.5   g    644
     cn00020  C2001 11 20.19148 00 13 31.91 +24 29 17.53         16.8   g    644
     cn00020  C2001 11 20.21394 00 13 25.76 +24 29 17.64         17.8   g    644
     cn00020  C2001 11 20.24591 00 13 20.50 +24 29 20.29         18.3   g    644
     cn00021  C2001 11 20.19148 00 13 20.45 +24 29 18.77         17.6   g    644
     cn00021  C2001 11 20.21394 00 13 25.76 +24 29 17.64         17.8   g    644
     cn00021  C2001 11 20.24591 00 13 27.19 +24 29 22.07         18.6   g    644
     cn00022  C2001 11 20.19148 00 13 20.45 +24 29 18.77         17.6   g    644
     cn00022  C2001 11 20.21394 00 13 24.50 +24 29 17.52         17.9   g    644
     cn00022  C2001 11 20.24591 00 13 27.19 +24 29 22.07         18.6   g    644
     cn00023  C2001 11 20.19148 00 12 58.28 +24 29 18.15         18.0   g    644
     cn00023  C2001 11 20.21394 00 12 53.24 +24 29 17.43         17.8   g    644
     cn00023  C2001 11 20.24591 00 12 49.73 +24 29 51.54         18.9   g    644
     cn00024  C2001 11 20.19148 00 13 11.13 +24 20 50.10         18.5   g    644
     cn00024  C2001 11 20.21394 00 13 09.27 +24 19 56.14         18.8   g    644
     cn00024  C2001 11 20.24591 00 13 08.90 +24 17 38.74         18.4   g    644
     cn00025  C2001 11 20.19148 00 13 03.46 +24 20 31.01         19.0   g    644
     cn00025  C2001 11 20.21394 00 13 09.27 +24 19 56.14         18.8   g    644
     cn00025  C2001 11 20.24591 00 13 18.99 +24 16 36.18         17.3   g    644
     cn00026  C2001 11 20.19148 00 11 09.32 +24 16 08.11         20.4   g    644
     cn00026  C2001 11 20.21394 00 11 09.66 +24 17 43.54         19.8   g    644
     cn00026  C2001 11 20.24591 00 11 03.76 +24 21 37.07         18.8   g    644
     cn00027  C2001 11 20.19148 00 11 09.32 +24 16 08.11         20.4   g    644
     cn00027  C2001 11 20.21394 00 11 09.66 +24 17 43.54         19.8   g    644
     cn00027  C2001 11 20.24591 00 11 06.93 +24 22 03.89         19.3   g    644
     cn00028  C2001 11 20.19148 00 11 09.32 +24 16 08.11         20.4   g    644
     cn00028  C2001 11 20.21394 00 11 09.66 +24 17 43.54         19.8   g    644
     cn00028  C2001 11 20.24591 00 11 11.42 +24 19 51.04         19.2   g    644
     cn00029  C2001 11 20.19148 00 11 09.32 +24 16 08.11         20.4   g    644
     cn00029  C2001 11 20.21394 00 11 09.66 +24 17 43.54         19.8   g    644
     cn00029  C2001 11 20.24591 00 11 17.69 +24 21 14.68         18.6   g    644
     cn00030  C2001 11 20.19148 00 11 05.86 +24 16 58.95         18.8   g    644
     cn00030  C2001 11 20.21394 00 11 09.66 +24 17 43.54         19.8   g    644
     cn00030  C2001 11 20.24591 00 11 11.42 +24 19 51.04         19.2   g    644
     cn00031  C2001 11 20.19148 00 13 35.53 +24 06 18.67         18.9   g    644
     cn00031  C2001 11 20.21394 00 13 30.39 +24 05 33.38         19.1   g    644
     cn00031  C2001 11 20.24591 00 13 25.10 +24 05 30.98         19.5   g    644
     cn00032  C2001 11 20.19148 00 12 05.50 +23 58 39.55         19.9   g    644
     cn00032  C2001 11 20.21394 00 12 00.17 +23 58 50.70         19.7   g    644
     cn00032  C2001 11 20.24591 00 11 50.02 +23 58 42.54         18.0   g    644
     cn00000  C2001 11 20.19148 00 12 56.41 +24 38 11.16         17.2   g    644
     cn00000  C2001 11 20.21394 00 12 50.93 +24 38 57.99         18.5   g    644
     cn00000  C2001 11 20.24591 00 12 44.52 +24 38 51.50         19.0   g    644
     cn00001  C2001 11 20.19148 00 12 56.41 +24 38 11.16         17.2   g    644
     cn00001  C2001 11 20.21394 00 12 52.49 +24 38 19.33         17.8   g    644
     cn00001  C2001 11 20.24591 00 12 44.52 +24 38 51.50         19.0   g    644
     cn00000  C2001 11 20.19148 00 12 56.41 +24 38 11.16         17.2   g    644
     cn00000  C2001 11 20.21394 00 12 50.93 +24 38 57.99         18.5   g    644
     cn00000  C2001 11 20.24591 00 12 44.52 +24 38 51.50         19.0   g    644
     cn00001  C2001 11 20.19148 00 12 56.41 +24 38 11.16         17.2   g    644
     cn00001  C2001 11 20.21394 00 12 52.49 +24 38 19.33         17.8   g    644
     cn00001  C2001 11 20.24591 00 12 44.52 +24 38 51.50         19.0   g    644
     cn00002  C2001 11 20.19148 00 12 56.41 +24 38 11.16         17.2   g    644
     cn00002  C2001 11 20.21394 00 13 01.81 +24 38 11.20         17.3   g    644
     cn00002  C2001 11 20.24591 00 13 13.36 +24 38 54.73         19.0   g    644
     cn00003  C2001 11 20.19148 00 13 17.31 +24 36 02.67         19.7   g    644
     cn00003  C2001 11 20.21394 00 13 19.64 +24 37 14.44         18.3   g    644
     cn00003  C2001 11 20.24591 00 13 18.04 +24 38 58.60         19.9   g    644
     cn00004  C2001 11 20.19148 00 13 37.93 +24 36 11.40         17.5   g    644
     cn00004  C2001 11 20.21394 00 13 33.63 +24 36 35.42         18.6   g    644
     cn00004  C2001 11 20.24591 00 13 21.97 +24 35 54.65         19.2   g    644
     cn00005  C2001 11 20.19148 00 13 37.93 +24 36 11.40         17.5   g    644
     cn00005  C2001 11 20.21394 00 13 33.63 +24 36 35.42         18.6   g    644
     cn00005  C2001 11 20.24591 00 13 31.47 +24 37 19.38         19.2   g    644
     cn00006  C2001 11 20.19148 00 13 34.96 +24 36 14.28         19.1   g    644
     cn00006  C2001 11 20.21394 00 13 33.63 +24 36 35.42         18.6   g    644
     cn00006  C2001 11 20.24591 00 13 31.47 +24 37 19.38         19.2   g    644
     cn00007  C2001 11 20.19148 00 13 17.31 +24 36 02.67         19.7   g    644
     cn00007  C2001 11 20.21394 00 13 17.43 +24 34 27.95         18.3   g    644
     cn00007  C2001 11 20.24591 00 13 15.80 +24 31 59.02         18.8   g    644
     cn00008  C2001 11 20.19148 00 13 17.31 +24 36 02.67         19.7   g    644
     cn00008  C2001 11 20.21394 00 13 17.43 +24 34 27.95         18.3   g    644
     cn00008  C2001 11 20.24591 00 13 22.09 +24 31 43.73         19.0   g    644
     cn00009  C2001 11 20.19148 00 13 17.31 +24 36 02.67         19.7   g    644
     cn00009  C2001 11 20.21394 00 13 17.43 +24 34 27.95         18.3   g    644
     cn00009  C2001 11 20.24591 00 13 19.80 +24 30 48.12         19.2   g    644
     cn00010  C2001 11 20.19148 00 13 22.42 +24 32 24.71         18.5   g    644
     cn00010  C2001 11 20.21394 00 13 25.84 +24 31 17.68         18.7   g    644
     cn00010  C2001 11 20.24591 00 13 27.19 +24 29 22.07         18.6   g    644
     cn00011  C2001 11 20.19148 00 13 31.91 +24 29 17.53         16.8   g    644
     cn00011  C2001 11 20.21394 00 13 29.45 +24 29 17.98         17.8   g    644
     cn00011  C2001 11 20.24591 00 13 27.19 +24 29 22.07         18.6   g    644
     cn00012  C2001 11 20.19148 00 13 31.91 +24 29 17.53         16.8   g    644
     cn00012  C2001 11 20.21394 00 13 28.54 +24 29 17.29         17.9   g    644
     cn00012  C2001 11 20.24591 00 13 20.50 +24 29 20.29         18.3   g    644
     cn00013  C2001 11 20.19148 00 13 31.91 +24 29 17.53         16.8   g    644
     cn00013  C2001 11 20.21394 00 13 28.54 +24 29 17.29         17.9   g    644
     cn00013  C2001 11 20.24591 00 13 27.19 +24 29 22.07         18.6   g    644
     cn00014  C2001 11 20.19148 00 13 31.91 +24 29 17.53         16.8   g    644
     cn00014  C2001 11 20.21394 00 13 26.09 +24 29 17.88         17.7   g    644
     cn00014  C2001 11 20.24591 00 13 17.73 +24 29 08.71         17.6   g    644
     cn00015  C2001 11 20.19148 00 13 31.91 +24 29 17.53         16.8   g    644
     cn00015  C2001 11 20.21394 00 13 26.09 +24 29 17.88         17.7   g    644
     cn00015  C2001 11 20.24591 00 13 16.08 +24 29 08.86         18.5   g    644
     cn00016  C2001 11 20.19148 00 13 31.91 +24 29 17.53         16.8   g    644
     cn00016  C2001 11 20.21394 00 13 26.09 +24 29 17.88         17.7   g    644
     cn00016  C2001 11 20.24591 00 13 20.50 +24 29 20.29         18.3   g    644
     cn00017  C2001 11 20.19148 00 13 20.45 +24 29 18.77         17.6   g    644
     cn00017  C2001 11 20.21394 00 13 26.09 +24 29 17.88         17.7   g    644
     cn00017  C2001 11 20.24591 00 13 27.19 +24 29 22.07         18.6   g    644
     cn00018  C2001 11 20.19148 00 13 31.91 +24 29 17.53         16.8   g    644
     cn00018  C2001 11 20.21394 00 13 25.76 +24 29 17.64         17.8   g    644
     cn00018  C2001 11 20.24591 00 13 17.73 +24 29 08.71         17.6   g    644
     cn00019  C2001 11 20.19148 00 13 31.91 +24 29 17.53         16.8   g    644
     cn00019  C2001 11 20.21394 00 13 25.76 +24 29 17.64         17.8   g    644
     cn00019  C2001 11 20.24591 00 13 16.08 +24 29 08.86         18.5   g    644
     cn00020  C2001 11 20.19148 00 13 31.91 +24 29 17.53         16.8   g    644
     cn00020  C2001 11 20.21394 00 13 25.76 +24 29 17.64         17.8   g    644
     cn00020  C2001 11 20.24591 00 13 20.50 +24 29 20.29         18.3   g    644
     cn00021  C2001 11 20.19148 00 13 20.45 +24 29 18.77         17.6   g    644
     cn00021  C2001 11 20.21394 00 13 25.76 +24 29 17.64         17.8   g    644
     cn00021  C2001 11 20.24591 00 13 27.19 +24 29 22.07         18.6   g    644
     cn00022  C2001 11 20.19148 00 13 20.45 +24 29 18.77         17.6   g    644
     cn00022  C2001 11 20.21394 00 13 24.50 +24 29 17.52         17.9   g    644
     cn00022  C2001 11 20.24591 00 13 27.19 +24 29 22.07         18.6   g    644
     cn00023  C2001 11 20.19148 00 12 58.28 +24 29 18.15         18.0   g    644
     cn00023  C2001 11 20.21394 00 12 53.24 +24 29 17.43         17.8   g    644
     cn00023  C2001 11 20.24591 00 12 49.73 +24 29 51.54         18.9   g    644
     cn00024  C2001 11 20.19148 00 13 11.13 +24 20 50.10         18.5   g    644
     cn00024  C2001 11 20.21394 00 13 09.27 +24 19 56.14         18.8   g    644
     cn00024  C2001 11 20.24591 00 13 08.90 +24 17 38.74         18.4   g    644
     cn00025  C2001 11 20.19148 00 13 03.46 +24 20 31.01         19.0   g    644
     cn00025  C2001 11 20.21394 00 13 09.27 +24 19 56.14         18.8   g    644
     cn00025  C2001 11 20.24591 00 13 18.99 +24 16 36.18         17.3   g    644
     cn00026  C2001 11 20.19148 00 11 09.32 +24 16 08.11         20.4   g    644
     cn00026  C2001 11 20.21394 00 11 09.66 +24 17 43.54         19.8   g    644
     cn00026  C2001 11 20.24591 00 11 03.76 +24 21 37.07         18.8   g    644
     cn00027  C2001 11 20.19148 00 11 09.32 +24 16 08.11         20.4   g    644
     cn00027  C2001 11 20.21394 00 11 09.66 +24 17 43.54         19.8   g    644
     cn00027  C2001 11 20.24591 00 11 06.93 +24 22 03.89         19.3   g    644
     cn00028  C2001 11 20.19148 00 11 09.32 +24 16 08.11         20.4   g    644
     cn00028  C2001 11 20.21394 00 11 09.66 +24 17 43.54         19.8   g    644
     cn00028  C2001 11 20.24591 00 11 11.42 +24 19 51.04         19.2   g    644
     cn00029  C2001 11 20.19148 00 11 09.32 +24 16 08.11         20.4   g    644
     cn00029  C2001 11 20.21394 00 11 09.66 +24 17 43.54         19.8   g    644
     cn00029  C2001 11 20.24591 00 11 17.69 +24 21 14.68         18.6   g    644
     cn00030  C2001 11 20.19148 00 11 05.86 +24 16 58.95         18.8   g    644
     cn00030  C2001 11 20.21394 00 11 09.66 +24 17 43.54         19.8   g    644
     cn00030  C2001 11 20.24591 00 11 11.42 +24 19 51.04         19.2   g    644
     cn00031  C2001 11 20.19148 00 13 35.53 +24 06 18.67         18.9   g    644
     cn00031  C2001 11 20.21394 00 13 30.39 +24 05 33.38         19.1   g    644
     cn00031  C2001 11 20.24591 00 13 25.10 +24 05 30.98         19.5   g    644
     cn00032  C2001 11 20.19148 00 12 05.50 +23 58 39.55         19.9   g    644
     cn00032  C2001 11 20.21394 00 12 00.17 +23 58 50.70         19.7   g    644
     cn00032  C2001 11 20.24591 00 11 50.02 +23 58 42.54         18.0   g    644
