     cn00000  C2001 11 20.08913 23 23 46.41 +24 03 49.86         18.3   g    644
     cn00000  C2001 11 20.11025 23 23 45.03 +24 04 54.33         20.3   g    644
     cn00000  C2001 11 20.13221 23 23 45.09 +24 06 36.39         19.0   g    644
     cn00001  C2001 11 20.08913 23 23 42.21 +23 59 53.83         15.9   g    644
     cn00001  C2001 11 20.11025 23 23 41.65 +23 59 54.36         16.2   g    644
     cn00001  C2001 11 20.13221 23 23 41.21 +23 59 52.59         16.8   g    644
     cn00002  C2001 11 20.08913 23 25 57.66 +23 57 47.41         19.0   g    644
     cn00002  C2001 11 20.11025 23 25 57.03 +23 57 09.67         18.8   g    644
     cn00002  C2001 11 20.13221 23 25 53.62 +23 56 26.00         19.4   g    644
     cn00003  C2001 11 20.08913 23 25 52.74 +23 56 59.76         19.2   g    644
     cn00003  C2001 11 20.11025 23 25 55.95 +23 56 31.12         18.4   g    644
     cn00003  C2001 11 20.13221 23 26 04.56 +23 55 28.34         20.3   g    644
     cn00004  C2001 11 20.08913 23 25 57.66 +23 57 47.41         19.0   g    644
     cn00004  C2001 11 20.11025 23 25 55.95 +23 56 31.12         18.4   g    644
     cn00004  C2001 11 20.13221 23 25 55.29 +23 53 29.89         19.5   g    644
     cn00005  C2001 11 20.08913 23 25 40.66 +23 53 53.59         20.1   g    644
     cn00005  C2001 11 20.11025 23 25 38.40 +23 55 13.63         18.4   g    644
     cn00005  C2001 11 20.13221 23 25 33.49 +23 57 48.54         19.6   g    644
     cn00006  C2001 11 20.08913 23 25 40.66 +23 53 53.59         20.1   g    644
     cn00006  C2001 11 20.11025 23 25 38.40 +23 55 13.63         18.4   g    644
     cn00006  C2001 11 20.13221 23 25 39.28 +23 55 53.26         19.2   g    644
     cn00007  C2001 11 20.08913 23 25 47.74 +23 51 19.94         19.7   g    644
     cn00007  C2001 11 20.11025 23 25 50.39 +23 51 49.35         17.1   g    644
     cn00007  C2001 11 20.13221 23 25 55.29 +23 53 29.89         19.5   g    644
     cn00008  C2001 11 20.08913 23 26 02.62 +23 43 28.15         12.6   g    644
     cn00008  C2001 11 20.11025 23 26 02.66 +23 43 30.91         13.1   g    644
     cn00008  C2001 11 20.13221 23 26 02.55 +23 43 34.70         12.7   g    644
     cn00009  C2001 11 20.08913 23 26 02.81 +23 43 28.16         12.6   g    644
     cn00009  C2001 11 20.11025 23 26 02.66 +23 43 30.91         13.1   g    644
     cn00009  C2001 11 20.13221 23 26 02.55 +23 43 34.70         12.7   g    644
     cn00010  C2001 11 20.08913 23 25 40.60 +23 38 45.23         17.2   g    644
     cn00010  C2001 11 20.11025 23 25 43.33 +23 39 45.31         18.2   g    644
     cn00010  C2001 11 20.13221 23 25 51.00 +23 42 13.87         19.9   g    644
     cn00011  C2001 11 20.08913 23 25 44.36 +23 40 22.92         18.1   g    644
     cn00011  C2001 11 20.11025 23 25 43.33 +23 39 45.31         18.2   g    644
     cn00011  C2001 11 20.13221 23 25 40.64 +23 38 43.80         17.4   g    644
     cn00012  C2001 11 20.08913 23 25 44.36 +23 40 22.92         18.1   g    644
     cn00012  C2001 11 20.11025 23 25 46.09 +23 39 28.20         18.4   g    644
     cn00012  C2001 11 20.13221 23 25 49.20 +23 37 14.89         19.8   g    644
     cn00013  C2001 11 20.08913 23 25 44.36 +23 40 22.92         18.1   g    644
     cn00013  C2001 11 20.11025 23 25 46.09 +23 39 28.20         18.4   g    644
     cn00013  C2001 11 20.13221 23 25 46.11 +23 39 24.70         18.6   g    644
     cn00014  C2001 11 20.08913 23 25 25.11 +23 40 22.73         18.0   g    644
     cn00014  C2001 11 20.11025 23 25 25.23 +23 39 14.97         19.5   g    644
     cn00014  C2001 11 20.13221 23 25 27.52 +23 36 26.89         18.3   g    644
     cn00015  C2001 11 20.08913 23 26 01.91 +23 37 33.05         19.0   g    644
     cn00015  C2001 11 20.11025 23 26 03.96 +23 38 37.30         17.5   g    644
     cn00015  C2001 11 20.13221 23 26 10.29 +23 40 44.99         19.2   g    644
     cn00016  C2001 11 20.08913 23 26 01.91 +23 37 33.05         19.0   g    644
     cn00016  C2001 11 20.11025 23 25 58.53 +23 38 08.57         17.7   g    644
     cn00016  C2001 11 20.13221 23 25 55.20 +23 39 07.65         16.8   g    644
     cn00017  C2001 11 20.08913 23 26 01.76 +23 36 20.48         18.2   g    644
     cn00017  C2001 11 20.11025 23 26 01.96 +23 37 36.28         18.7   g    644
     cn00017  C2001 11 20.13221 23 26 01.16 +23 39 06.83         19.8   g    644
     cn00018  C2001 11 20.08913 23 26 01.76 +23 36 20.48         18.2   g    644
     cn00018  C2001 11 20.11025 23 26 01.96 +23 37 36.28         18.7   g    644
     cn00018  C2001 11 20.13221 23 26 03.96 +23 38 33.04         17.7   g    644
     cn00019  C2001 11 20.08913 23 26 01.76 +23 36 20.48         18.2   g    644
     cn00019  C2001 11 20.11025 23 26 04.28 +23 37 32.66         19.7   g    644
     cn00019  C2001 11 20.13221 23 26 03.96 +23 38 33.04         17.7   g    644
     cn00020  C2001 11 20.08913 23 26 01.76 +23 36 20.48         18.2   g    644
     cn00020  C2001 11 20.11025 23 26 04.28 +23 37 32.66         19.7   g    644
     cn00020  C2001 11 20.13221 23 26 08.56 +23 37 57.79         18.4   g    644
     cn00021  C2001 11 20.08913 23 26 01.91 +23 37 33.05         19.0   g    644
     cn00021  C2001 11 20.11025 23 26 04.28 +23 37 32.66         19.7   g    644
     cn00021  C2001 11 20.13221 23 26 08.56 +23 37 57.79         18.4   g    644
     cn00022  C2001 11 20.08913 23 25 22.78 +23 26 40.81         17.5   g    644
     cn00022  C2001 11 20.11025 23 25 20.28 +23 27 56.88         18.3   g    644
     cn00022  C2001 11 20.13221 23 25 12.84 +23 29 18.07         19.0   g    644
     cn00023  C2001 11 20.08913 23 21 22.26 +23 27 18.44         18.1   g    644
     cn00023  C2001 11 20.11025 23 21 22.25 +23 27 20.24         17.9   g    644
     cn00023  C2001 11 20.13221 23 21 22.32 +23 27 21.67         18.2   g    644
     cn00024  C2001 11 20.08913 23 26 08.50 +23 27 04.34         19.1   g    644
     cn00024  C2001 11 20.11025 23 26 05.18 +23 27 34.06         19.2   g    644
     cn00024  C2001 11 20.13221 23 26 00.67 +23 27 41.84         19.6   g    644
     cn00025  C2001 11 20.08913 23 26 10.69 +23 27 28.94         17.3   g    644
     cn00025  C2001 11 20.11025 23 26 05.18 +23 27 34.06         19.2   g    644
     cn00025  C2001 11 20.13221 23 26 00.67 +23 27 41.84         19.6   g    644
     cn00026  C2001 11 20.08913 23 25 22.78 +23 26 40.81         17.5   g    644
     cn00026  C2001 11 20.11025 23 25 17.69 +23 27 26.58         17.4   g    644
     cn00026  C2001 11 20.13221 23 25 12.84 +23 29 18.07         19.0   g    644
     cn00027  C2001 11 20.08913 23 25 22.78 +23 26 40.81         17.5   g    644
     cn00027  C2001 11 20.11025 23 25 17.69 +23 27 26.58         17.4   g    644
     cn00027  C2001 11 20.13221 23 25 17.19 +23 27 38.59         19.0   g    644
     cn00028  C2001 11 20.08913 23 25 47.25 +23 26 15.19         19.5   g    644
     cn00028  C2001 11 20.11025 23 25 44.75 +23 27 25.76         18.3   g    644
     cn00028  C2001 11 20.13221 23 25 37.34 +23 29 17.08         19.2   g    644
     cn00029  C2001 11 20.08913 23 21 22.50 +23 27 05.81         16.1   g    644
     cn00029  C2001 11 20.11025 23 21 27.27 +23 26 59.34         18.7   g    644
     cn00029  C2001 11 20.13221 23 21 36.21 +23 27 13.73         15.8   g    644
     cn00030  C2001 11 20.08913 23 21 22.26 +23 27 18.44         18.1   g    644
     cn00030  C2001 11 20.11025 23 21 27.27 +23 26 59.34         18.7   g    644
     cn00030  C2001 11 20.13221 23 21 36.22 +23 26 52.44         19.1   g    644
     cn00031  C2001 11 20.08913 23 21 22.26 +23 27 18.44         18.1   g    644
     cn00031  C2001 11 20.11025 23 21 27.27 +23 26 59.34         18.7   g    644
     cn00031  C2001 11 20.13221 23 21 36.21 +23 27 13.73         15.8   g    644
     cn00032  C2001 11 20.08913 23 25 50.56 +23 26 10.26         18.9   g    644
     cn00032  C2001 11 20.11025 23 25 46.92 +23 27 18.87         18.6   g    644
     cn00032  C2001 11 20.13221 23 25 37.34 +23 29 17.08         19.2   g    644
     cn00033  C2001 11 20.08913 23 25 47.25 +23 26 15.19         19.5   g    644
     cn00033  C2001 11 20.11025 23 25 42.52 +23 26 45.39         17.5   g    644
     cn00033  C2001 11 20.13221 23 25 37.34 +23 29 17.08         19.2   g    644
     cn00000  C2001 11 20.08913 23 23 46.41 +24 03 49.86         18.3   g    644
     cn00000  C2001 11 20.11025 23 23 45.03 +24 04 54.33         20.3   g    644
     cn00000  C2001 11 20.13221 23 23 45.09 +24 06 36.39         19.0   g    644
     cn00001  C2001 11 20.08913 23 23 42.21 +23 59 53.83         15.9   g    644
     cn00001  C2001 11 20.11025 23 23 41.65 +23 59 54.36         16.2   g    644
     cn00001  C2001 11 20.13221 23 23 41.21 +23 59 52.59         16.8   g    644
     cn00002  C2001 11 20.08913 23 25 57.66 +23 57 47.41         19.0   g    644
     cn00002  C2001 11 20.11025 23 25 57.03 +23 57 09.67         18.8   g    644
     cn00002  C2001 11 20.13221 23 25 53.62 +23 56 26.00         19.4   g    644
     cn00003  C2001 11 20.08913 23 25 52.74 +23 56 59.76         19.2   g    644
     cn00003  C2001 11 20.11025 23 25 55.95 +23 56 31.12         18.4   g    644
     cn00003  C2001 11 20.13221 23 26 04.56 +23 55 28.34         20.3   g    644
     cn00004  C2001 11 20.08913 23 25 57.66 +23 57 47.41         19.0   g    644
     cn00004  C2001 11 20.11025 23 25 55.95 +23 56 31.12         18.4   g    644
     cn00004  C2001 11 20.13221 23 25 55.29 +23 53 29.89         19.5   g    644
     cn00005  C2001 11 20.08913 23 25 40.66 +23 53 53.59         20.1   g    644
     cn00005  C2001 11 20.11025 23 25 38.40 +23 55 13.63         18.4   g    644
     cn00005  C2001 11 20.13221 23 25 33.49 +23 57 48.54         19.6   g    644
     cn00006  C2001 11 20.08913 23 25 40.66 +23 53 53.59         20.1   g    644
     cn00006  C2001 11 20.11025 23 25 38.40 +23 55 13.63         18.4   g    644
     cn00006  C2001 11 20.13221 23 25 39.28 +23 55 53.26         19.2   g    644
     cn00007  C2001 11 20.08913 23 25 47.74 +23 51 19.94         19.7   g    644
     cn00007  C2001 11 20.11025 23 25 50.39 +23 51 49.35         17.1   g    644
     cn00007  C2001 11 20.13221 23 25 55.29 +23 53 29.89         19.5   g    644
     cn00008  C2001 11 20.08913 23 26 02.62 +23 43 28.15         12.6   g    644
     cn00008  C2001 11 20.11025 23 26 02.66 +23 43 30.91         13.1   g    644
     cn00008  C2001 11 20.13221 23 26 02.55 +23 43 34.70         12.7   g    644
     cn00009  C2001 11 20.08913 23 26 02.81 +23 43 28.16         12.6   g    644
     cn00009  C2001 11 20.11025 23 26 02.66 +23 43 30.91         13.1   g    644
     cn00009  C2001 11 20.13221 23 26 02.55 +23 43 34.70         12.7   g    644
     cn00010  C2001 11 20.08913 23 25 40.60 +23 38 45.23         17.2   g    644
     cn00010  C2001 11 20.11025 23 25 43.33 +23 39 45.31         18.2   g    644
     cn00010  C2001 11 20.13221 23 25 51.00 +23 42 13.87         19.9   g    644
     cn00011  C2001 11 20.08913 23 25 44.36 +23 40 22.92         18.1   g    644
     cn00011  C2001 11 20.11025 23 25 43.33 +23 39 45.31         18.2   g    644
     cn00011  C2001 11 20.13221 23 25 40.64 +23 38 43.80         17.4   g    644
     cn00012  C2001 11 20.08913 23 25 44.36 +23 40 22.92         18.1   g    644
     cn00012  C2001 11 20.11025 23 25 46.09 +23 39 28.20         18.4   g    644
     cn00012  C2001 11 20.13221 23 25 49.20 +23 37 14.89         19.8   g    644
     cn00013  C2001 11 20.08913 23 25 44.36 +23 40 22.92         18.1   g    644
     cn00013  C2001 11 20.11025 23 25 46.09 +23 39 28.20         18.4   g    644
     cn00013  C2001 11 20.13221 23 25 46.11 +23 39 24.70         18.6   g    644
     cn00014  C2001 11 20.08913 23 25 25.11 +23 40 22.73         18.0   g    644
     cn00014  C2001 11 20.11025 23 25 25.23 +23 39 14.97         19.5   g    644
     cn00014  C2001 11 20.13221 23 25 27.52 +23 36 26.89         18.3   g    644
     cn00015  C2001 11 20.08913 23 26 01.91 +23 37 33.05         19.0   g    644
     cn00015  C2001 11 20.11025 23 26 03.96 +23 38 37.30         17.5   g    644
     cn00015  C2001 11 20.13221 23 26 10.29 +23 40 44.99         19.2   g    644
     cn00016  C2001 11 20.08913 23 26 01.91 +23 37 33.05         19.0   g    644
     cn00016  C2001 11 20.11025 23 25 58.53 +23 38 08.57         17.7   g    644
     cn00016  C2001 11 20.13221 23 25 55.20 +23 39 07.65         16.8   g    644
     cn00017  C2001 11 20.08913 23 26 01.76 +23 36 20.48         18.2   g    644
     cn00017  C2001 11 20.11025 23 26 01.96 +23 37 36.28         18.7   g    644
     cn00017  C2001 11 20.13221 23 26 01.16 +23 39 06.83         19.8   g    644
     cn00018  C2001 11 20.08913 23 26 01.76 +23 36 20.48         18.2   g    644
     cn00018  C2001 11 20.11025 23 26 01.96 +23 37 36.28         18.7   g    644
     cn00018  C2001 11 20.13221 23 26 03.96 +23 38 33.04         17.7   g    644
     cn00019  C2001 11 20.08913 23 26 01.76 +23 36 20.48         18.2   g    644
     cn00019  C2001 11 20.11025 23 26 04.28 +23 37 32.66         19.7   g    644
     cn00019  C2001 11 20.13221 23 26 03.96 +23 38 33.04         17.7   g    644
     cn00020  C2001 11 20.08913 23 26 01.76 +23 36 20.48         18.2   g    644
     cn00020  C2001 11 20.11025 23 26 04.28 +23 37 32.66         19.7   g    644
     cn00020  C2001 11 20.13221 23 26 08.56 +23 37 57.79         18.4   g    644
     cn00021  C2001 11 20.08913 23 26 01.91 +23 37 33.05         19.0   g    644
     cn00021  C2001 11 20.11025 23 26 04.28 +23 37 32.66         19.7   g    644
     cn00021  C2001 11 20.13221 23 26 08.56 +23 37 57.79         18.4   g    644
     cn00022  C2001 11 20.08913 23 25 22.78 +23 26 40.81         17.5   g    644
     cn00022  C2001 11 20.11025 23 25 20.28 +23 27 56.88         18.3   g    644
     cn00022  C2001 11 20.13221 23 25 12.84 +23 29 18.07         19.0   g    644
     cn00023  C2001 11 20.08913 23 21 22.26 +23 27 18.44         18.1   g    644
     cn00023  C2001 11 20.11025 23 21 22.25 +23 27 20.24         17.9   g    644
     cn00023  C2001 11 20.13221 23 21 22.32 +23 27 21.67         18.2   g    644
     cn00024  C2001 11 20.08913 23 26 08.50 +23 27 04.34         19.1   g    644
     cn00024  C2001 11 20.11025 23 26 05.18 +23 27 34.06         19.2   g    644
     cn00024  C2001 11 20.13221 23 26 00.67 +23 27 41.84         19.6   g    644
     cn00025  C2001 11 20.08913 23 26 10.69 +23 27 28.94         17.3   g    644
     cn00025  C2001 11 20.11025 23 26 05.18 +23 27 34.06         19.2   g    644
     cn00025  C2001 11 20.13221 23 26 00.67 +23 27 41.84         19.6   g    644
     cn00026  C2001 11 20.08913 23 25 22.78 +23 26 40.81         17.5   g    644
     cn00026  C2001 11 20.11025 23 25 17.69 +23 27 26.58         17.4   g    644
     cn00026  C2001 11 20.13221 23 25 12.84 +23 29 18.07         19.0   g    644
     cn00027  C2001 11 20.08913 23 25 22.78 +23 26 40.81         17.5   g    644
     cn00027  C2001 11 20.11025 23 25 17.69 +23 27 26.58         17.4   g    644
     cn00027  C2001 11 20.13221 23 25 17.19 +23 27 38.59         19.0   g    644
     cn00028  C2001 11 20.08913 23 25 47.25 +23 26 15.19         19.5   g    644
     cn00028  C2001 11 20.11025 23 25 44.75 +23 27 25.76         18.3   g    644
     cn00028  C2001 11 20.13221 23 25 37.34 +23 29 17.08         19.2   g    644
     cn00029  C2001 11 20.08913 23 21 22.50 +23 27 05.81         16.1   g    644
     cn00029  C2001 11 20.11025 23 21 27.27 +23 26 59.34         18.7   g    644
     cn00029  C2001 11 20.13221 23 21 36.21 +23 27 13.73         15.8   g    644
     cn00030  C2001 11 20.08913 23 21 22.26 +23 27 18.44         18.1   g    644
     cn00030  C2001 11 20.11025 23 21 27.27 +23 26 59.34         18.7   g    644
     cn00030  C2001 11 20.13221 23 21 36.22 +23 26 52.44         19.1   g    644
     cn00031  C2001 11 20.08913 23 21 22.26 +23 27 18.44         18.1   g    644
     cn00031  C2001 11 20.11025 23 21 27.27 +23 26 59.34         18.7   g    644
     cn00031  C2001 11 20.13221 23 21 36.21 +23 27 13.73         15.8   g    644
     cn00032  C2001 11 20.08913 23 25 50.56 +23 26 10.26         18.9   g    644
     cn00032  C2001 11 20.11025 23 25 46.92 +23 27 18.87         18.6   g    644
     cn00032  C2001 11 20.13221 23 25 37.34 +23 29 17.08         19.2   g    644
     cn00033  C2001 11 20.08913 23 25 47.25 +23 26 15.19         19.5   g    644
     cn00033  C2001 11 20.11025 23 25 42.52 +23 26 45.39         17.5   g    644
     cn00033  C2001 11 20.13221 23 25 37.34 +23 29 17.08         19.2   g    644
     cn00000  C2001 11 20.08913 23 23 46.41 +24 03 49.86         18.3   g    644
     cn00000  C2001 11 20.11025 23 23 45.03 +24 04 54.33         20.3   g    644
     cn00000  C2001 11 20.13221 23 23 45.09 +24 06 36.39         19.0   g    644
     cn00001  C2001 11 20.08913 23 23 42.21 +23 59 53.83         15.9   g    644
     cn00001  C2001 11 20.11025 23 23 41.65 +23 59 54.36         16.2   g    644
     cn00001  C2001 11 20.13221 23 23 41.21 +23 59 52.59         16.8   g    644
     cn00002  C2001 11 20.08913 23 25 57.66 +23 57 47.41         19.0   g    644
     cn00002  C2001 11 20.11025 23 25 57.03 +23 57 09.67         18.8   g    644
     cn00002  C2001 11 20.13221 23 25 53.62 +23 56 26.00         19.4   g    644
     cn00003  C2001 11 20.08913 23 25 52.74 +23 56 59.76         19.2   g    644
     cn00003  C2001 11 20.11025 23 25 55.95 +23 56 31.12         18.4   g    644
     cn00003  C2001 11 20.13221 23 26 04.56 +23 55 28.34         20.3   g    644
     cn00004  C2001 11 20.08913 23 25 57.66 +23 57 47.41         19.0   g    644
     cn00004  C2001 11 20.11025 23 25 55.95 +23 56 31.12         18.4   g    644
     cn00004  C2001 11 20.13221 23 25 55.29 +23 53 29.89         19.5   g    644
     cn00005  C2001 11 20.08913 23 25 40.66 +23 53 53.59         20.1   g    644
     cn00005  C2001 11 20.11025 23 25 38.40 +23 55 13.63         18.4   g    644
     cn00005  C2001 11 20.13221 23 25 33.49 +23 57 48.54         19.6   g    644
     cn00006  C2001 11 20.08913 23 25 40.66 +23 53 53.59         20.1   g    644
     cn00006  C2001 11 20.11025 23 25 38.40 +23 55 13.63         18.4   g    644
     cn00006  C2001 11 20.13221 23 25 39.28 +23 55 53.26         19.2   g    644
     cn00007  C2001 11 20.08913 23 25 47.74 +23 51 19.94         19.7   g    644
     cn00007  C2001 11 20.11025 23 25 50.39 +23 51 49.35         17.1   g    644
     cn00007  C2001 11 20.13221 23 25 55.29 +23 53 29.89         19.5   g    644
     cn00008  C2001 11 20.08913 23 26 02.62 +23 43 28.15         12.6   g    644
     cn00008  C2001 11 20.11025 23 26 02.66 +23 43 30.91         13.1   g    644
     cn00008  C2001 11 20.13221 23 26 02.55 +23 43 34.70         12.7   g    644
     cn00009  C2001 11 20.08913 23 26 02.81 +23 43 28.16         12.6   g    644
     cn00009  C2001 11 20.11025 23 26 02.66 +23 43 30.91         13.1   g    644
     cn00009  C2001 11 20.13221 23 26 02.55 +23 43 34.70         12.7   g    644
     cn00010  C2001 11 20.08913 23 25 40.60 +23 38 45.23         17.2   g    644
     cn00010  C2001 11 20.11025 23 25 43.33 +23 39 45.31         18.2   g    644
     cn00010  C2001 11 20.13221 23 25 51.00 +23 42 13.87         19.9   g    644
     cn00011  C2001 11 20.08913 23 25 44.36 +23 40 22.92         18.1   g    644
     cn00011  C2001 11 20.11025 23 25 43.33 +23 39 45.31         18.2   g    644
     cn00011  C2001 11 20.13221 23 25 40.64 +23 38 43.80         17.4   g    644
     cn00012  C2001 11 20.08913 23 25 44.36 +23 40 22.92         18.1   g    644
     cn00012  C2001 11 20.11025 23 25 46.09 +23 39 28.20         18.4   g    644
     cn00012  C2001 11 20.13221 23 25 49.20 +23 37 14.89         19.8   g    644
     cn00013  C2001 11 20.08913 23 25 44.36 +23 40 22.92         18.1   g    644
     cn00013  C2001 11 20.11025 23 25 46.09 +23 39 28.20         18.4   g    644
     cn00013  C2001 11 20.13221 23 25 46.11 +23 39 24.70         18.6   g    644
     cn00014  C2001 11 20.08913 23 25 25.11 +23 40 22.73         18.0   g    644
     cn00014  C2001 11 20.11025 23 25 25.23 +23 39 14.97         19.5   g    644
     cn00014  C2001 11 20.13221 23 25 27.52 +23 36 26.89         18.3   g    644
     cn00015  C2001 11 20.08913 23 26 01.91 +23 37 33.05         19.0   g    644
     cn00015  C2001 11 20.11025 23 26 03.96 +23 38 37.30         17.5   g    644
     cn00015  C2001 11 20.13221 23 26 10.29 +23 40 44.99         19.2   g    644
     cn00016  C2001 11 20.08913 23 26 01.91 +23 37 33.05         19.0   g    644
     cn00016  C2001 11 20.11025 23 25 58.53 +23 38 08.57         17.7   g    644
     cn00016  C2001 11 20.13221 23 25 55.20 +23 39 07.65         16.8   g    644
     cn00017  C2001 11 20.08913 23 26 01.76 +23 36 20.48         18.2   g    644
     cn00017  C2001 11 20.11025 23 26 01.96 +23 37 36.28         18.7   g    644
     cn00017  C2001 11 20.13221 23 26 01.16 +23 39 06.83         19.8   g    644
     cn00018  C2001 11 20.08913 23 26 01.76 +23 36 20.48         18.2   g    644
     cn00018  C2001 11 20.11025 23 26 01.96 +23 37 36.28         18.7   g    644
     cn00018  C2001 11 20.13221 23 26 03.96 +23 38 33.04         17.7   g    644
     cn00019  C2001 11 20.08913 23 26 01.76 +23 36 20.48         18.2   g    644
     cn00019  C2001 11 20.11025 23 26 04.28 +23 37 32.66         19.7   g    644
     cn00019  C2001 11 20.13221 23 26 03.96 +23 38 33.04         17.7   g    644
     cn00020  C2001 11 20.08913 23 26 01.76 +23 36 20.48         18.2   g    644
     cn00020  C2001 11 20.11025 23 26 04.28 +23 37 32.66         19.7   g    644
     cn00020  C2001 11 20.13221 23 26 08.56 +23 37 57.79         18.4   g    644
     cn00021  C2001 11 20.08913 23 26 01.91 +23 37 33.05         19.0   g    644
     cn00021  C2001 11 20.11025 23 26 04.28 +23 37 32.66         19.7   g    644
     cn00021  C2001 11 20.13221 23 26 08.56 +23 37 57.79         18.4   g    644
     cn00022  C2001 11 20.08913 23 25 22.78 +23 26 40.81         17.5   g    644
     cn00022  C2001 11 20.11025 23 25 20.28 +23 27 56.88         18.3   g    644
     cn00022  C2001 11 20.13221 23 25 12.84 +23 29 18.07         19.0   g    644
     cn00023  C2001 11 20.08913 23 21 22.26 +23 27 18.44         18.1   g    644
     cn00023  C2001 11 20.11025 23 21 22.25 +23 27 20.24         17.9   g    644
     cn00023  C2001 11 20.13221 23 21 22.32 +23 27 21.67         18.2   g    644
     cn00024  C2001 11 20.08913 23 26 08.50 +23 27 04.34         19.1   g    644
     cn00024  C2001 11 20.11025 23 26 05.18 +23 27 34.06         19.2   g    644
     cn00024  C2001 11 20.13221 23 26 00.67 +23 27 41.84         19.6   g    644
     cn00025  C2001 11 20.08913 23 26 10.69 +23 27 28.94         17.3   g    644
     cn00025  C2001 11 20.11025 23 26 05.18 +23 27 34.06         19.2   g    644
     cn00025  C2001 11 20.13221 23 26 00.67 +23 27 41.84         19.6   g    644
     cn00026  C2001 11 20.08913 23 25 22.78 +23 26 40.81         17.5   g    644
     cn00026  C2001 11 20.11025 23 25 17.69 +23 27 26.58         17.4   g    644
     cn00026  C2001 11 20.13221 23 25 12.84 +23 29 18.07         19.0   g    644
     cn00027  C2001 11 20.08913 23 25 22.78 +23 26 40.81         17.5   g    644
     cn00027  C2001 11 20.11025 23 25 17.69 +23 27 26.58         17.4   g    644
     cn00027  C2001 11 20.13221 23 25 17.19 +23 27 38.59         19.0   g    644
     cn00028  C2001 11 20.08913 23 25 47.25 +23 26 15.19         19.5   g    644
     cn00028  C2001 11 20.11025 23 25 44.75 +23 27 25.76         18.3   g    644
     cn00028  C2001 11 20.13221 23 25 37.34 +23 29 17.08         19.2   g    644
     cn00029  C2001 11 20.08913 23 21 22.50 +23 27 05.81         16.1   g    644
     cn00029  C2001 11 20.11025 23 21 27.27 +23 26 59.34         18.7   g    644
     cn00029  C2001 11 20.13221 23 21 36.21 +23 27 13.73         15.8   g    644
     cn00030  C2001 11 20.08913 23 21 22.26 +23 27 18.44         18.1   g    644
     cn00030  C2001 11 20.11025 23 21 27.27 +23 26 59.34         18.7   g    644
     cn00030  C2001 11 20.13221 23 21 36.22 +23 26 52.44         19.1   g    644
     cn00031  C2001 11 20.08913 23 21 22.26 +23 27 18.44         18.1   g    644
     cn00031  C2001 11 20.11025 23 21 27.27 +23 26 59.34         18.7   g    644
     cn00031  C2001 11 20.13221 23 21 36.21 +23 27 13.73         15.8   g    644
     cn00032  C2001 11 20.08913 23 25 50.56 +23 26 10.26         18.9   g    644
     cn00032  C2001 11 20.11025 23 25 46.92 +23 27 18.87         18.6   g    644
     cn00032  C2001 11 20.13221 23 25 37.34 +23 29 17.08         19.2   g    644
     cn00033  C2001 11 20.08913 23 25 47.25 +23 26 15.19         19.5   g    644
     cn00033  C2001 11 20.11025 23 25 42.52 +23 26 45.39         17.5   g    644
     cn00033  C2001 11 20.13221 23 25 37.34 +23 29 17.08         19.2   g    644
